50 10000 50 50 50 10000 1 50 50 10000 1 50 50 10000 1 50 50 50 50 50 
10 1 1 50 1 1 1 10000 10 1 1 50 1 1 1 10000 50 50 50 50 
10000 10 50 50 50 50 50 1 1 50 10000 1 50 50 1 50 1 50 50 50 
50 1 50 50 50 50 50 50 50 10 1 1 50 50 50 50 50 50 50 50 
50 50 50 10000 1 50 50 50 50 50 50 10000 1 50 50 50 10000 1 50 50 
50 10000 1 50 1 50 50 50 50 10000 1 50 1 50 50 1 1 1 50 50 
1 1 10 50 50 50 10000 1 10 1 50 50 50 50 50 50 50 50 50 50 
50 50 10000 1 50 1 1 1 50 50 50 50 50 50 50 50 50 50 50 50 
10000 10 1 10 50 50 50 10000 10 50 50 10000 10 50 50 50 50 50 50 50 
1 50 50 50 50 50 1 10 50 50 1 1 1 10000 10 50 50 50 50 50 
50 50 50 50 50 50 50 50 50 50 50 50 10 1 50 10000 1 50 50 50 
50 50 10000 1 50 50 50 50 50 10000 10 50 50 50 1 10 1 50 50 50 
10000 10 50 1 10000 1 50 50 1 1 1 50 50 50 10000 10 50 50 50 50 
10 1 50 1 1 1 50 50 50 50 10000 1 50 1 1 1 50 50 50 50 
50 10000 1 50 50 50 50 10000 1 10 50 10 50 10000 1 50 50 50 50 50 
1 10 1 50 50 10000 50 1 1 50 50 50 1 1 1 50 10000 10 50 50 
50 50 10000 1 1 1 10 50 50 50 50 50 10000 10 50 10 10 1 50 50 
50 50 1 1 50 50 50 50 50 50 50 10 1 1 50 50 50 50 50 50 
50 50 50 50 50 50 50 50 50 50 50 50 50 50 50 50 50 50 50 50 
50 50 50 50 50 50 50 50 50 50 50 50 50 50 50 50 50 50 50 50 
